0 0 0
1 0 0
2 0 0
3 0 0
4 0 0
5 0 0
6 0 0
7 0 0
8 0 0
9 0 0
10 0 0
11 0 0
12 0 0
13 0 0
14 0 0
15 0 0
16 0 0
17 0 0
18 0 0
19 0 0
20 0 0
21 0 0
22 0 0
23 0 35
24 7 1056
25 11 2411
26 13 2720
27 20 3507
28 23 4341
29 24 4596
30 24 4512
31 24 4711
32 24 4766
33 24 4804
34 23 4556
35 22 4269
36 20 4047
37 19 3821
38 20 3996
39 21 4219
40 22 4415
41 23 4658
42 24 4700
43 25 5048
44 26 5203
45 26 5054
46 24 4888
47 24 4856
48 25 4943
49 25 5064
50 26 5280
51 28 5415
52 35 6646
53 34 6681
54 24 4795
55 4 389
56 0 0
57 0 0
58 0 0
59 0 0
60 0 0
61 0 0
62 0 0
63 0 0
64 0 0
65 0 0
66 0 0
67 0 0
68 0 0
69 0 0
70 0 0
71 0 0
72 0 0
73 0 0
74 0 0
75 0 0
76 0 0
77 0 0
78 9 0
79 24 0
80 24 0
81 24 0
82 24 0
83 24 0
84 24 0
85 24 0
86 24 0
87 24 0
88 24 0
89 24 0
90 24 0
91 24 0
92 24 0
93 24 0
94 24 0
95 24 0
96 24 0
97 24 0
98 24 0
99 24 0
100 24 0
101 24 0
102 24 0
103 24 0
104 24 0
105 24 0
106 24 0
107 24 0
108 24 0
109 24 0
110 25 80
111 28 567
112 29 607
113 29 633
114 29 654
115 29 672
116 29 695
117 29 712
118 30 727
119 30 740
120 31 781
121 34 1102
122 36 1505
123 37 1671
124 38 1788
125 45 2605
126 49 3909
127 49 3984
128 49 4052
129 57 4043
130 69 4699
131 82 6088
132 85 6162
133 81 5685
134 76 5429
135 71 5035
136 66 4632
137 65 4634
138 67 4610
139 72 5035
140 75 5317
141 77 5408
142 74 5346
143 67 4853
144 63 4483
145 63 4516
146 65 4552
147 68 4727
148 75 5077
149 81 5560
150 83 6023
151 76 5687
152 55 4353
153 50 4396
154 47 3906
155 45 3254
156 44 3195
157 45 3574
158 46 3840
159 46 3784
160 45 3696
161 45 3678
162 45 3698
163 45 3730
164 45 3748
165 45 3741
166 43 2903
167 39 2159
168 37 2103
169 37 2082
170 36 2014
171 36 1916
172 35 1807
173 35 1744
174 35 1718
175 35 1703
176 35 1686
177 35 1695
178 35 1710
179 35 1723
180 35 1732
181 41 2165
182 47 3381
183 52 4576
184 54 5023
185 55 5131
186 54 4586
187 50 4213
188 49 4057
189 48 3877
190 47 3615
191 46 3457
192 45 3437
193 47 3513
194 45 2963
195 40 3017
196 42 3531
197 41 3421
198 40 3119
199 39 2954
200 39 2801
201 37 2331
202 35 2214
203 35 2174
204 35 2151
205 35 2145
206 36 2186
207 37 2535
208 38 2641
209 38 2724
210 40 2873
211 42 3328
212 44 3937
213 43 3694
214 40 3049
215 36 2081
216 27 325
217 24 29
218 24 0
219 24 0
220 24 0
221 24 0
222 24 0
223 24 0
224 24 0
225 24 0
226 24 0
227 24 0
228 24 0
229 24 0
230 24 0
231 24 0
232 24 0
233 24 0
234 24 0
235 24 0
236 24 0
237 24 0
238 24 0
239 24 0
240 24 0
241 24 0
242 24 0
243 24 0
244 24 0
245 24 0
246 24 0
247 24 0
248 24 0
249 24 0
250 24 0
251 24 0
252 24 19
253 25 120
254 28 474
255 35 1765
256 39 2445
257 42 2898
258 43 3145
259 45 3480
260 45 3465
261 45 3478
262 47 3431
263 57 3466
264 98 7139
265 117 8927
266 121 8616
267 114 7714
268 98 7432
269 92 7322
270 89 7205
271 87 7177
272 87 7124
273 100 7477
274 108 9001
275 108 8614
276 100 7096
277 91 6954
278 86 7146
279 85 6994
280 84 6985
281 89 6997
282 99 6939
283 112 7791
284 117 9178
285 108 8641
286 77 4234
287 35 1068
288 29 769
289 28 802
290 29 919
291 30 1173
292 32 1535
293 31 1477
294 30 973
295 27 357
296 24 14
297 24 0
298 24 0
299 24 0
300 24 0
301 24 0
302 24 0
303 24 0
304 24 0
305 24 0
306 24 0
307 24 0
308 24 0
309 24 0
310 24 0
311 24 0
312 24 0
313 24 0
314 24 0
315 24 0
316 24 0
317 24 0
318 24 0
319 27 0
320 42 0
321 46 0
322 47 0
323 48 0
324 49 0
325 49 0
326 49 0
327 50 0
328 50 0
# 328 InTopBorder
329 50 0
330 50 0
331 50 0
332 51 0
333 51 0
334 51 0
335 51 0
336 51 0
337 51 0
338 51 0
339 51 0
340 51 0
341 51 0
342 51 0
343 51 0
344 51 0
345 51 0
346 51 0
347 51 0
348 51 0
349 51 0
350 51 0
351 51 0
352 51 0
353 51 0
354 51 0
355 51 0
356 51 0
357 51 0
358 51 0
359 51 0
360 51 0
361 51 0
362 51 0
363 51 0
364 51 0
365 51 0
366 51 0
367 51 0
368 51 0
369 51 0
370 51 0
371 51 0
372 51 0
373 51 0
374 51 0
375 51 0
376 51 0
377 51 0
378 51 0
379 51 0
380 51 0
381 51 0
382 51 0
383 51 0
384 51 0
385 51 0
386 51 0
387 51 0
388 51 0
389 51 0
390 51 0
391 51 0
392 51 0
393 51 0
394 51 0
395 51 0
396 51 0
397 51 0
398 51 0
399 51 0
400 51 0
401 51 0
402 51 0
403 51 0
404 51 0
405 51 0
406 51 0
407 51 0
408 51 0
409 51 0
410 51 0
411 51 0
412 51 0
413 51 0
414 51 0
415 51 0
416 51 0
417 51 0
418 51 0
419 51 0
420 51 0
421 51 0
422 51 0
423 51 0
424 51 0
425 51 0
426 51 0
427 51 0
428 51 0
429 51 0
430 51 0
431 51 0
432 51 0
433 51 0
434 51 0
435 51 0
436 51 0
437 51 0
438 51 0
439 51 0
440 51 0
441 51 0
442 51 0
443 51 0
444 51 0
445 51 0
446 51 0
447 51 0
448 51 0
449 51 0
450 51 0
451 51 0
452 51 0
453 51 0
454 51 0
455 51 0
456 51 0
457 51 0
458 51 0
459 51 0
460 51 0
461 51 0
462 51 0
463 51 0
464 51 0
465 51 0
466 51 0
467 51 0
468 51 0
469 51 0
470 51 0
471 51 0
472 51 0
473 51 0
474 51 0
475 51 0
476 51 0
477 51 0
478 51 0
479 51 0
480 51 0
481 51 0
482 51 0
483 51 0
484 51 0
485 51 0
486 51 0
487 51 0
488 51 0
489 51 0
490 51 0
491 51 0
492 51 0
493 51 0
494 51 0
495 51 0
496 51 0
497 51 0
498 51 0
499 51 0
500 51 0
501 51 0
502 51 0
503 51 0
504 51 0
505 51 0
506 51 0
507 51 0
508 51 0
509 51 0
510 51 0
511 51 0
512 51 0
513 51 0
514 51 0
515 51 0
516 51 0
517 51 0
518 51 0
519 51 0
520 51 0
521 51 0
522 51 0
523 51 0
524 51 0
525 51 0
526 51 0
527 51 0
528 51 0
529 51 0
530 51 0
531 51 0
532 51 0
533 51 0
534 51 0
535 51 0
536 51 0
537 51 0
538 51 0
539 51 0
540 51 0
541 51 0
542 51 0
543 51 0
544 51 0
545 51 0
546 51 0
547 51 0
548 51 0
549 51 0
550 51 0
551 51 0
552 51 0
553 51 0
554 51 0
555 51 0
556 51 0
557 51 0
558 51 0
559 51 0
560 51 0
561 51 0
562 51 0
563 51 0
564 51 0
565 51 0
566 51 0
567 51 0
568 51 0
569 51 0
570 51 0
571 51 0
572 51 0
573 51 0
574 51 0
575 51 0
576 51 0
577 51 0
578 51 0
579 51 0
580 51 0
581 51 0
582 51 0
583 51 0
584 51 0
585 51 0
586 51 0
587 51 0
588 51 0
589 51 0
590 51 0
591 51 0
592 51 0
593 51 0
594 51 0
595 51 0
596 51 0
597 51 0
598 51 0
599 51 0
600 51 0
601 51 0
602 51 0
603 51 0
604 51 0
605 51 0
606 51 0
607 51 0
608 51 0
609 51 0
610 41 0
611 24 3
# 611 LookForRisingEdge(0)
612 24 2
613 24 0
614 24 0
615 27 15
# InTile(0)
616 48 700
617 54 898
618 55 933
619 55 932
620 56 929
621 56 932
622 56 934
623 56 935
624 56 935
625 56 935
626 56 935
627 56 935
628 56 935
629 56 935
630 56 935
631 56 935
632 56 935
633 56 935
634 56 935
635 56 935
636 56 935
637 56 961
638 58 1194
639 60 1740
640 64 2373
641 65 2623
642 65 2577
643 64 2474
644 64 2460
645 64 2335
646 63 2249
647 63 2186
648 63 2169
649 63 2176
650 63 2231
651 63 2239
652 63 2270
653 63 2206
654 63 2207
655 63 2198
656 63 2175
657 63 2168
658 64 2390
659 66 2923
660 66 2922
661 65 2822
662 62 1900
663 57 953
664 56 936
665 56 935
666 56 935
667 56 935
668 56 935
669 56 935
670 56 935
671 56 935
672 56 935
673 56 935
674 56 935
675 56 935
676 56 935
677 56 932
678 56 931
679 56 935
680 55 934
681 54 917
682 43 365
683 24 0
# 683 LookForRisingEdge(1)
684 24 0
685 24 0
686 24 0
687 29 23
# InTile(1)
688 58 1050
689 64 1356
690 65 1359
691 66 1363
692 66 1358
693 66 1360
694 66 1361
695 66 1363
696 66 1363
697 66 1363
698 66 1363
699 66 1363
700 66 1363
701 66 1363
702 66 1363
703 66 1363
704 66 1363
705 66 1363
706 66 1363
707 66 1363
708 66 1363
709 67 1399
710 70 1848
711 75 3044
712 77 3418
713 77 3516
714 77 3351
715 76 3191
716 75 3107
717 74 2876
718 73 2726
719 73 2652
720 74 2760
721 74 2818
722 74 2841
723 74 2834
724 74 2751
725 73 2734
726 73 2696
727 73 2689
728 74 2814
729 77 3371
730 80 3982
731 83 4493
732 82 4458
733 76 2980
734 70 1885
735 67 1402
736 66 1366
737 66 1363
738 66 1363
739 66 1363
740 66 1363
741 66 1363
742 66 1363
743 66 1363
744 66 1363
745 66 1363
746 66 1363
747 66 1362
748 66 1361
749 66 1358
750 66 1360
751 65 1363
752 64 1368
753 62 1322
754 47 537
755 24 0
# 755 LookForRisingEdge(2)
756 24 0
757 24 0
758 24 0
759 27 10
# InTile(2)
760 47 486
761 51 624
762 52 633
763 52 632
764 52 629
765 52 630
766 52 631
767 52 631
768 52 631
769 52 631
770 52 631
771 52 631
772 52 631
773 52 631
774 52 631
775 52 631
776 52 631
777 52 631
778 52 631
779 52 631
780 52 631
781 53 800
782 55 1081
783 56 1483
784 56 1536
785 56 1506
786 56 1450
787 56 1387
788 56 1355
789 55 1185
790 55 1131
791 55 1153
792 55 1209
793 55 1217
794 55 1242
795 55 1267
796 55 1195
797 55 1153
798 55 1142
799 55 1161
800 55 1229
801 56 1523
802 58 1858
803 59 2194
804 59 2156
805 57 1514
806 54 933
807 52 631
808 52 631
809 52 631
810 52 631
811 52 631
812 52 631
813 52 631
814 52 631
815 52 631
816 52 631
817 52 631
818 52 631
819 52 630
820 52 629
821 52 629
822 52 629
823 51 630
824 50 629
825 49 621
826 39 249
827 24 0
# 827 LookForRisingEdge(3)
828 24 0
829 24 0
830 34 135
# InTile(3)
831 53 933
832 55 949
833 55 963
834 56 958
835 56 963
836 56 968
837 57 971
838 57 973
839 57 973
840 57 973
841 57 973
842 57 973
843 57 973
844 57 973
845 57 973
846 57 973
847 57 973
848 57 973
849 57 973
850 57 973
851 57 978
852 57 1013
853 58 1305
854 61 1730
855 64 2399
856 64 2488
857 64 2427
858 64 2324
859 63 2223
860 62 2059
861 62 1982
862 62 1952
863 62 1964
864 62 2038
865 62 2058
866 62 2060
867 62 2026
868 62 1942
869 62 1941
870 62 1958
871 62 1958
872 62 2001
873 65 2577
874 67 3064
875 66 3057
876 66 2979
877 60 1522
878 57 983
879 57 973
880 57 973
881 57 973
882 57 973
883 57 973
884 57 973
885 57 973
886 57 973
887 57 973
888 57 973
889 57 973
890 57 973
891 57 971
892 56 965
893 56 961
894 56 963
895 55 960
896 54 961
897 35 138
898 24 0
# 898 LookForRisingEdge(4)
899 24 0
900 24 0
901 24 0
902 38 200
# InTile(4)
903 64 1387
904 67 1387
905 68 1392
906 69 1388
907 69 1385
908 69 1392
909 69 1396
910 69 1398
911 69 1398
912 69 1398
913 69 1398
914 69 1398
915 69 1398
916 69 1398
917 69 1398
918 69 1398
919 69 1398
920 69 1398
921 69 1398
922 69 1398
923 69 1404
924 70 1449
925 75 2268
926 79 3205
927 81 3608
928 82 3678
929 81 3335
930 79 3158
931 79 3017
932 77 2762
933 76 2641
934 77 2633
935 78 2831
936 78 2900
937 78 2910
938 77 2792
939 77 2709
940 76 2653
941 76 2653
942 77 2708
943 78 2932
944 78 2927
945 85 3939
946 89 4971
947 89 4987
948 89 4881
949 77 2346
950 70 1433
951 69 1398
952 69 1398
953 69 1398
954 69 1398
955 69 1398
956 69 1398
957 69 1398
958 69 1398
959 69 1398
960 69 1398
961 69 1398
962 69 1396
963 69 1391
964 69 1386
965 69 1390
966 68 1394
967 67 1393
968 64 1388
969 38 200
970 24 0
# 970 LookForRisingEdge(5)
971 24 0
972 23 0
973 35 975
# InTile(5)
974 54 2671
975 75 3433
976 77 3521
977 78 3663
978 78 3620
979 78 3548
980 77 3518
981 78 3571
982 79 3736
983 79 3856
984 79 3906
985 79 3928
986 78 3614
987 76 3311
988 73 3099
989 72 3000
990 71 2908
991 71 2841
992 74 3106
993 74 3107
994 74 3201
995 75 3362
996 79 3947
997 84 4579
998 88 5256
999 88 5366
1000 88 5349
1001 87 5143
1002 87 5073
1003 86 4941
1004 84 4632
1005 83 4495
1006 83 4431
1007 83 4463
1008 83 4423
1009 84 4475
1010 84 4451
1011 83 4364
1012 83 4380
1013 84 4410
1014 84 4504
1015 86 4719
1016 87 4991
1017 90 5276
1018 91 5620
1019 90 5408
1020 85 4653
1021 79 3540
1022 75 3229
1023 74 3061
1024 72 2859
1025 71 2928
1026 72 3005
1027 73 3082
1028 75 3223
1029 77 3419
1030 78 3636
1031 78 3629
1032 78 3624
1033 78 3609
1034 78 3590
1035 78 3571
1036 77 3537
1037 77 3484
1038 76 3293
1039 73 2845
1040 67 1929
1041 40 337
1042 25 7
# 1042 LookForRisingEdge(6)
1043 25 2
1044 32 136
# InTile(6)
1045 82 2774
1046 114 5925
1047 119 6218
1048 121 6405
1049 124 6616
1050 124 6583
1051 122 6739
1052 123 6861
1053 124 6948
1054 126 7146
1055 127 7306
1056 127 7384
1057 127 7343
1058 123 6624
1059 115 6347
1060 111 6730
1061 109 6808
1062 109 6667
1063 111 6512
1064 115 6760
1065 114 6790
1066 115 6812
1067 118 7022
1068 121 7445
1069 124 7698
1070 126 7920
1071 126 7984
1072 126 7939
1073 125 7880
1074 124 7797
1075 122 7585
1076 118 7404
1077 117 7289
1078 116 6942
1079 114 6853
1080 115 6669
1081 117 6784
1082 117 6714
1083 116 6775
1084 116 6817
1085 116 6821
1086 116 6781
1087 118 6804
1088 124 7421
1089 125 7648
1090 125 7648
1091 123 7370
1092 115 6460
1093 113 6385
1094 112 6172
1095 109 6052
1096 106 6229
1097 107 6342
1098 108 6321
1099 111 6145
1100 123 6225
1101 125 6628
1102 126 6713
1103 126 6712
1104 126 6711
1105 126 6707
1106 125 6702
1107 125 6651
1108 124 6546
1109 121 6387
1110 116 5761
1111 103 4524
1112 68 2876
1113 38 377
1114 23 0
# 1114 LookForRisingEdge(7)
1115 29 50
# InTile(7)
1116 63 2443
1117 103 5262
1118 126 7041
1119 131 7234
1120 134 7411
1121 135 7462
1122 133 7508
1123 131 7904
1124 135 7939
1125 137 8169
1126 138 8358
1127 139 8455
1128 139 8511
1129 138 8446
1130 129 7154
1131 114 8145
1132 113 8177
1133 112 8167
1134 114 7781
1135 119 7652
1136 122 7855
1137 119 7922
1138 122 7893
1139 129 8655
1140 132 8957
1141 133 9086
1142 133 9135
1143 133 9121
1144 133 9058
1145 133 9054
1146 131 8836
1147 129 8502
1148 123 8636
1149 122 8566
1150 121 8255
1151 121 7782
1152 126 7833
1153 127 7986
1154 127 8006
1155 127 8002
1156 127 7985
1157 127 7961
1158 127 7951
1159 127 7953
1160 129 8178
1161 130 8218
1162 129 8212
1163 128 8096
1164 124 7634
1165 123 7571
1166 119 7126
1167 114 7322
1168 112 7630
1169 113 7665
1170 118 7065
1171 126 6692
1172 135 7433
1173 137 7698
1174 137 7697
1175 137 7696
1176 137 7695
1177 137 7687
1178 136 7628
1179 135 7558
1180 134 7429
1181 130 7173
1182 121 5979
1183 101 3946
1184 62 1783
1185 36 224
1186 24 0
# 1186 LookForRisingEdge(8)
1187 30 83
# InTile(8)
1188 73 4637
1189 107 5843
1190 125 6287
1191 129 6441
1192 131 6622
1193 131 6580
1194 130 6709
1195 130 6854
1196 132 7008
1197 134 7215
1198 135 7371
1199 135 7463
1200 135 7405
1201 133 7174
1202 125 6218
1203 114 7091
1204 113 7132
1205 113 7052
1206 116 6607
1207 121 6839
1208 121 6870
1209 121 6941
1210 125 7068
1211 131 7846
1212 134 8031
1213 135 8151
1214 135 8181
1215 135 8199
1216 135 8178
1217 134 8126
1218 130 7619
1219 124 7652
1220 122 7636
1221 121 7453
1222 120 7189
1223 122 6951
1224 126 7092
1225 127 7127
1226 128 7139
1227 128 7196
1228 128 7187
1229 129 7199
1230 131 7292
1231 134 7640
1232 135 7759
1233 135 7778
1234 132 7228
1235 125 6751
1236 123 6585
1237 121 6356
1238 117 6069
1239 112 6553
1240 112 6616
1241 112 6602
1242 120 5818
1243 132 6628
1244 133 6688
1245 133 6730
1246 133 6729
1247 133 6727
1248 133 6726
1249 133 6716
1250 133 6664
1251 132 6611
1252 129 6501
1253 125 5928
1254 113 4528
1255 90 2507
1256 39 211
1257 26 13
# 1257 LookForRisingEdge(9)
1258 26 14
1259 38 319
# InTile(9)
1260 86 4706
1261 99 6237
1262 102 6624
1263 105 6953
1264 107 7196
1265 106 7107
1266 105 7207
1267 106 7361
1268 107 7626
1269 108 7793
1270 109 7894
1271 109 7970
1272 109 7990
1273 102 6659
1274 94 6229
1275 88 6582
1276 87 6535
1277 88 6199
1278 91 6056
1279 96 6807
1280 94 6802
1281 96 6779
1282 100 7181
1283 102 7772
1284 103 7949
1285 104 7976
1286 104 7988
1287 104 7993
1288 104 7991
1289 104 7920
1290 103 7811
1291 102 7681
1292 102 7503
1293 101 7285
1294 100 7171
1295 100 7157
1296 101 7181
1297 101 7145
1298 101 7135
1299 101 7130
1300 101 7129
1301 101 7095
1302 101 7118
1303 101 7231
1304 101 7266
1305 101 7200
1306 100 6891
1307 97 6615
1308 97 6566
1309 95 6289
1310 93 6269
1311 92 6476
1312 94 6538
1313 96 6521
1314 101 6413
1315 107 7153
1316 107 7232
1317 107 7249
1318 107 7248
1319 107 7246
1320 107 7243
1321 107 7187
1322 106 7111
1323 105 6978
1324 103 6747
1325 97 5733
1326 80 4128
1327 53 2150
1328 27 36
1329 24 0
# 1329 LookForRisingEdge(10)
1330 29 166
# InTile(10)
1331 43 1400
1332 66 3259
1333 72 3730
1334 74 3924
1335 75 4072
1336 76 4115
1337 75 4007
1338 75 4034
1339 76 4215
1340 77 4414
1341 77 4520
1342 77 4553
1343 77 4556
1344 77 4436
1345 70 3271
1346 65 3289
1347 65 3258
1348 65 3219
1349 69 3300
1350 72 3706
1351 73 3967
1352 71 3911
1353 74 4052
1354 77 4531
1355 80 4982
1356 81 5195
1357 81 5262
1358 81 5229
1359 81 5197
1360 80 5145
1361 79 4851
1362 77 4531
1363 75 4419
1364 74 4265
1365 74 4137
1366 75 4100
1367 77 4432
1368 77 4429
1369 77 4458
1370 77 4489
1371 78 4528
1372 78 4644
1373 79 4672
1374 79 4706
1375 79 4817
1376 79 4775
1377 79 4717
1378 77 4296
1379 74 3899
1380 73 3822
1381 70 3261
1382 67 2990
1383 64 3055
1384 64 3080
1385 67 2996
1386 72 3319
1387 76 4202
1388 76 4202
1389 76 4202
1390 76 4201
1391 76 4199
1392 76 4196
1393 76 4151
1394 76 4095
1395 75 3984
1396 73 3809
1397 68 2836
1398 54 1623
1399 34 576
1400 25 13
# 1400 LookForRisingEdge(11)
1401 23 0
1402 30 334
# InTile(11)
1403 47 2386
1404 81 3501
1405 88 3877
1406 90 4000
1407 91 4083
1408 91 4046
1409 91 4064
1410 91 4102
1411 92 4202
1412 92 4324
1413 93 4377
1414 93 4380
1415 93 4371
1416 92 4367
1417 87 3490
1418 85 3698
1419 85 3710
1420 85 3699
1421 87 3611
1422 88 3780
1423 88 3863
1424 88 3899
1425 92 4431
1426 95 5055
1427 97 5377
1428 99 5642
1429 98 5511
1430 98 5399
1431 97 5335
1432 97 5303
1433 93 4637
1434 91 4533
1435 90 4544
1436 90 4555
1437 91 4425
1438 92 4416
1439 94 4746
1440 94 4722
1441 94 4693
1442 94 4680
1443 94 4679
1444 94 4735
1445 99 5388
1446 102 6051
1447 104 6349
1448 104 6341
1449 96 4729
1450 90 3940
1451 88 3773
1452 88 3643
1453 86 3434
1454 85 3541
1455 85 3554
1456 85 3563
1457 89 3550
1458 92 4110
1459 92 4144
1460 92 4144
1461 92 4142
1462 92 4141
1463 92 4138
1464 92 4123
1465 92 4089
1466 91 4041
1467 89 3949
1468 88 3671
1469 81 2811
1470 58 1104
1471 26 47
# 1471 LookForRisingEdge(12)
1472 24 1
1473 27 18
# InTile(12)
1474 63 1295
1475 119 7151
1476 127 7789
1477 131 8063
1478 134 8329
1479 136 8542
1480 134 8632
1481 133 8875
1482 134 8998
1483 136 9163
1484 138 9376
1485 139 9518
1486 139 9539
1487 137 9219
1488 127 8226
1489 117 8477
1490 109 8966
1491 107 8943
1492 111 8526
1493 118 8617
1494 121 9089
1495 120 9177
1496 123 9056
1497 126 9350
1498 127 9621
1499 127 9658
1500 127 9668
1501 127 9650
1502 127 9636
1503 127 9643
1504 127 9609
1505 125 9369
1506 123 9138
1507 121 8902
1508 115 8565
1509 114 8511
1510 115 8426
1511 116 8381
1512 117 8100
1513 116 8385
1514 116 8538
1515 116 8500
1516 117 8286
1517 120 8214
1518 122 8507
1519 122 8562
1520 122 8554
1521 121 8520
1522 121 8486
1523 120 8439
1524 119 8388
1525 116 8195
1526 114 8412
1527 115 8519
1528 116 8510
1529 129 7712
1530 137 8608
1531 137 8651
1532 137 8650
1533 137 8648
1534 137 8646
1535 137 8638
1536 136 8558
1537 135 8466
1538 133 8303
1539 129 7939
1540 119 6569
1541 93 4409
1542 57 1344
1543 23 0
# 1543 LookForRisingEdge(13)
1544 24 0
1545 40 710
# InTile(13)
1546 69 3024
1547 103 6228
1548 107 6363
1549 110 6600
1550 111 6756
1551 112 6810
1552 110 6934
1553 111 6949
1554 112 7153
1555 113 7352
1556 114 7490
1557 114 7569
1558 114 7563
1559 112 7024
1560 98 6225
1561 94 6328
1562 92 6259
1563 92 6171
1564 97 5996
1565 102 6287
1566 103 6689
1567 102 6775
1568 107 7112
1569 110 7591
1570 111 7872
1571 112 7925
1572 112 7968
1573 111 7891
1574 111 7858
1575 111 7788
1576 109 7441
1577 104 6959
1578 101 6889
1579 99 6650
1580 98 6407
1581 101 6283
1582 104 6715
1583 105 6759
1584 106 6800
1585 107 6824
1586 108 6929
1587 108 6942
1588 108 6949
1589 110 7248
1590 112 7556
1591 112 7544
1592 112 7542
1593 107 6763
1594 105 6490
1595 104 6308
1596 99 5887
1597 96 6052
1598 96 6205
1599 97 6140
1600 102 5858
1601 109 6228
1602 113 6954
1603 113 6954
1604 113 6953
1605 113 6951
1606 113 6947
1607 113 6937
1608 112 6849
1609 111 6739
1610 109 6554
1611 105 6063
1612 95 4409
1613 65 2242
1614 39 607
1615 24 0
# 1615 LookForRisingEdge(14)
1616 23 0
1617 44 1446
# InTile(14)
1618 71 3855
1619 97 4743
1620 100 4864
1621 102 5031
1622 103 5103
1623 103 5163
1624 103 5262
1625 103 5287
1626 103 5362
1627 104 5506
1628 105 5614
1629 105 5642
1630 105 5649
1631 104 5483
1632 100 5206
1633 98 5193
1634 97 5170
1635 96 5185
1636 98 5215
1637 98 5213
1638 97 5167
1639 98 5180
1640 102 5655
1641 105 6001
1642 107 6337
1643 108 6555
1644 108 6484
1645 107 6369
1646 107 6328
1647 106 6250
1648 104 5974
1649 103 5852
1650 103 5779
1651 103 5803
1652 103 5659
1653 103 5661
1654 103 5572
1655 101 5398
1656 98 5346
1657 97 5403
1658 98 5394
1659 99 5442
1660 105 5803
1661 108 6233
1662 110 6595
1663 109 6391
1664 103 5571
1665 98 4830
1666 96 4708
1667 95 4678
1668 94 4613
1669 94 4639
1670 94 4673
1671 95 4623
1672 101 4840
1673 103 5082
1674 104 5201
1675 104 5201
1676 104 5200
1677 104 5198
1678 104 5195
1679 104 5174
1680 103 5113
1681 102 5022
1682 99 4765
1683 95 4139
1684 84 2772
1685 49 657
1686 28 55
1687 24 0
# 1687 LookForBottomBorder(0)
1688 24 1
1689 24 3
1690 34 1
1691 51 0
# 1691 LookForBottomBorder(1)
1692 51 0
# 1692 LookForBottomBorder(2)
1693 51 0
# 1693 LookForBottomBorder(3)
1694 51 0
# 1694 LookForBottomBorder(4)
1695 51 0
# 1695 LookForBottomBorder(5)
1696 51 0
# 1696 LookForBottomBorder(6)
1697 51 0
# 1697 LookForBottomBorder(7)
# InBottomBorder
1698 51 0
1699 51 0
1700 51 0
1701 51 0
1702 51 0
1703 51 0
1704 51 0
1705 51 0
1706 51 0
1707 51 0
1708 51 0
1709 51 0
1710 51 0
1711 51 0
1712 51 0
1713 51 0
1714 51 0
1715 51 0
1716 51 0
1717 51 0
1718 51 0
1719 51 0
1720 51 0
1721 51 0
1722 51 0
1723 51 0
1724 51 0
1725 51 0
1726 51 0
1727 51 0
1728 51 0
1729 51 0
1730 51 0
1731 51 0
1732 51 0
1733 51 0
1734 51 0
1735 51 0
1736 51 0
1737 51 0
1738 51 0
1739 51 0
1740 51 0
1741 51 0
1742 51 0
1743 51 0
1744 51 0
1745 51 0
1746 51 0
1747 51 0
1748 51 0
1749 51 0
1750 51 0
1751 51 0
1752 51 0
1753 51 0
1754 51 0
1755 51 0
1756 51 0
1757 51 0
1758 51 0
1759 51 0
1760 51 0
1761 51 0
1762 51 0
1763 51 0
1764 51 0
1765 51 0
1766 51 0
1767 51 0
1768 51 0
1769 51 0
1770 51 0
1771 51 0
1772 51 0
1773 51 0
1774 51 0
1775 51 0
1776 51 0
1777 51 0
1778 51 0
1779 51 0
1780 51 0
1781 51 0
1782 51 0
1783 51 0
1784 51 0
1785 51 0
1786 51 0
1787 51 0
1788 51 0
1789 51 0
1790 51 0
1791 51 0
1792 51 0
1793 51 0
1794 51 0
1795 51 0
1796 51 0
1797 51 0
1798 51 0
1799 51 0
1800 51 0
1801 51 0
1802 51 0
1803 51 0
1804 51 0
1805 51 0
1806 51 0
1807 51 0
1808 51 0
1809 51 0
1810 51 0
1811 51 0
1812 51 0
1813 51 0
1814 51 0
1815 51 0
1816 51 0
1817 51 0
1818 51 0
1819 51 0
1820 51 0
1821 51 0
1822 51 0
1823 51 0
1824 51 0
1825 51 0
1826 51 0
1827 51 0
1828 51 0
1829 51 0
1830 51 0
1831 51 0
1832 51 0
1833 51 0
1834 51 0
1835 51 0
1836 51 0
1837 51 0
1838 51 0
1839 51 0
1840 51 0
1841 51 0
1842 51 0
1843 51 0
1844 51 0
1845 51 0
1846 51 0
1847 51 0
1848 51 0
1849 51 0
1850 51 0
1851 51 0
1852 51 0
1853 51 0
1854 51 0
1855 51 0
1856 51 0
1857 51 0
1858 51 0
1859 51 0
1860 51 0
1861 51 0
1862 51 0
1863 51 0
1864 51 0
1865 51 0
1866 51 0
1867 51 0
1868 51 0
1869 51 0
1870 51 0
1871 51 0
1872 51 0
1873 51 0
1874 51 0
1875 51 0
1876 51 0
1877 51 0
1878 51 0
1879 51 0
1880 51 0
1881 51 0
1882 51 0
1883 51 0
1884 51 0
1885 51 0
1886 51 0
1887 51 0
1888 51 0
1889 51 0
1890 51 0
1891 51 0
1892 51 0
1893 51 0
1894 51 0
1895 51 0
1896 51 0
1897 51 0
1898 51 0
1899 51 0
1900 51 0
1901 51 0
1902 51 0
1903 51 0
1904 51 0
1905 51 0
1906 51 0
1907 51 0
1908 51 0
1909 51 0
1910 51 0
1911 51 0
1912 51 0
1913 51 0
1914 51 0
1915 51 0
1916 51 0
1917 51 0
1918 51 0
1919 51 0
1920 51 0
1921 51 0
1922 51 0
1923 51 0
1924 51 0
1925 51 0
1926 51 0
1927 51 0
1928 51 0
1929 51 0
1930 51 0
1931 51 0
1932 51 0
1933 51 0
1934 51 0
1935 51 0
1936 51 0
1937 51 0
1938 51 0
1939 51 0
1940 51 0
1941 51 0
1942 51 0
1943 51 0
1944 51 0
1945 51 0
1946 51 0
1947 51 0
1948 51 0
1949 51 0
1950 51 0
1951 51 0
1952 51 0
1953 51 0
1954 51 0
1955 51 0
1956 51 0
1957 51 0
1958 51 0
1959 51 0
1960 51 0
1961 51 0
1962 51 0
1963 51 0
1964 51 0
1965 51 0
1966 51 0
1967 51 0
1968 51 0
1969 51 0
1970 51 0
1971 51 0
1972 51 0
1973 51 0
1974 51 0
1975 51 0
1976 51 0
1977 51 0
1978 51 0
1979 51 0
1980 51 0
1981 51 0
1982 41 0
1983 24 0
# LookForRack
1984 24 0
1985 24 0
1986 24 0
1987 24 0
1988 24 0
1989 24 0
1990 23 0
1991 44 75
1992 176 3927
# InRack
1993 199 4114
1994 202 3507
1995 205 3125
1996 209 2827
1997 213 2556
1998 216 2381
1999 217 2190
2000 221 2050
2001 223 2041
2002 225 2071
2003 225 2086
2004 218 3478
2005 213 4595
2006 211 5339
2007 212 5419
2008 218 4466
2009 221 4045
2010 223 3873
2011 224 3892
2012 226 3811
2013 227 3638
2014 227 3576
2015 228 3622
2016 228 3647
2017 227 3748
2018 225 4056
2019 223 4765
2020 223 4627
2021 222 4324
2022 200 4717
2023 165 12301
2024 164 12424
2025 163 12473
2026 161 12503
2027 158 13013
2028 158 13046
2029 158 12884
2030 163 11830
2031 173 10892
2032 190 7922
2033 198 7507
2034 198 7921
2035 192 9350
2036 193 9377
2037 197 8554
2038 204 7000
2039 213 6564
2040 213 6557
2041 213 6545
2042 213 6535
2043 213 6536
2044 213 6542
2045 213 6517
2046 213 6516
2047 213 6536
2048 213 6527
2049 213 6516
2050 213 6516
2051 213 6531
2052 213 6547
2053 213 6524
2054 213 6512
2055 213 6521
2056 213 6531
2057 212 6522
2058 212 6500
2059 210 6423
2060 203 7434
2061 201 7747
2062 200 7671
2063 197 7473
2064 185 8777
2065 181 9174
2066 180 9063
2067 180 9052
2068 180 9052
2069 184 8169
2070 187 7885
2071 188 7964
2072 188 7962
2073 193 6652
2074 197 6170
2075 200 6224
2076 200 6215
2077 200 6204
2078 200 6202
2079 200 6210
2080 200 6225
2081 200 6223
2082 200 6217
2083 200 6216
2084 200 6209
2085 200 6210
2086 200 6213
2087 200 6216
2088 200 6213
2089 200 6214
2090 200 6219
2091 200 6227
2092 200 6237
2093 200 6239
2094 200 6250
2095 200 6283
2096 199 6298
2097 199 6290
2098 199 6290
2099 198 6234
2100 190 6289
2101 175 8151
2102 165 10275
2103 160 11082
2104 160 11216
2105 160 11212
2106 160 11165
2107 161 11093
2108 162 10982
2109 164 10802
2110 185 5405
2111 221 2387
2112 224 2073
2113 224 2075
2114 224 2075
2115 224 2075
2116 224 2075
2117 224 2075
2118 224 2075
2119 224 2075
2120 224 2075
2121 224 2076
2122 224 2075
2123 224 2077
2124 224 2076
2125 223 2064
2126 223 2073
2127 222 2067
2128 221 2090
2129 220 2108
2130 218 2194
2131 216 2393
2132 213 2635
2133 204 2662
2134 192 2595
2135 175 2387
2136 153 2005
2137 133 1661
2138 87 631
2139 26 1
2140 23 0
# Done!
2141 24 0
2142 24 0
2143 24 0
2144 24 0
2145 24 0
2146 24 0
2147 24 0
2148 24 0
2149 24 0
2150 24 0
2151 24 0
2152 24 0
2153 24 0
2154 24 0
2155 24 0
2156 24 0
2157 24 0
2158 24 0
2159 24 0
2160 24 0
2161 24 0
2162 24 0
2163 24 0
2164 24 0
2165 24 0
2166 24 0
2167 24 0
2168 24 0
2169 24 0
2170 26 226
2171 32 1650
2172 35 2133
2173 37 2378
2174 39 2639
2175 41 3142
2176 41 3153
2177 40 3041
2178 39 3043
2179 41 3151
2180 45 4126
2181 46 4459
2182 47 4553
2183 47 4557
2184 46 4277
2185 47 4142
2186 47 4380
2187 48 4591
2188 49 4779
2189 50 4875
2190 50 4903
2191 51 4984
2192 50 4965
2193 50 4921
2194 50 4866
2195 49 4828
2196 49 4767
2197 49 4734
2198 49 4702
2199 48 4624
2200 47 4355
2201 47 4288
2202 47 4358
2203 48 4470
2204 49 4841
2205 47 4032
2206 44 3702
2207 43 3877
2208 43 3929
2209 46 4268
2210 48 4810
2211 48 4792
2212 48 4788
2213 47 4645
2214 46 4424
2215 44 3833
2216 37 2243
2217 33 1930
2218 32 1759
2219 30 1244
2220 24 25
2221 24 20
2222 24 115
2223 25 313
2224 25 391
2225 26 430
2226 26 450
2227 26 456
2228 26 443
2229 25 383
2230 25 291
2231 25 168
2232 24 5
2233 24 29
2234 26 210
2235 30 975
2236 33 1646
2237 32 1326
2238 31 1197
2239 33 1176
2240 48 2925
2241 59 4925
2242 60 4904
2243 54 4210
2244 54 4078
2245 53 4040
2246 56 4274
2247 61 5441
2248 58 4901
2249 50 3385
2250 46 3175
2251 47 3311
2252 50 3706
2253 58 4376
2254 61 5268
2255 55 4356
2256 31 322
2257 25 20
2258 24 0
2259 24 0
2260 24 0
2261 24 0
2262 24 0
2263 24 0
2264 24 0
2265 24 0
2266 24 0
2267 24 0
2268 24 0
2269 24 0
2270 24 0
2271 24 0
2272 24 0
2273 24 0
2274 105 0
2275 242 0
2276 242 0
2277 242 0
2278 242 0
2279 242 0
2280 242 0
2281 242 0
2282 242 0
2283 242 0
2284 242 0
2285 242 0
2286 242 0
2287 242 0
2288 242 0
2289 242 0
2290 242 0
2291 242 0
2292 242 0
2293 242 0
2294 242 0
2295 242 0
2296 242 0
2297 242 0
2298 242 0
2299 242 0
2300 242 0
2301 242 0
2302 242 0
2303 242 0
2304 242 0
2305 242 0
2306 242 0
2307 242 0
2308 242 0
2309 242 0
2310 242 0
2311 240 65
2312 239 232
2313 238 294
2314 237 334
2315 238 292
2316 238 280
2317 238 291
2318 238 301
2319 236 460
2320 234 556
2321 231 843
2322 230 906
2323 230 946
2324 231 830
2325 232 775
2326 232 774
2327 233 700
2328 233 683
2329 233 662
2330 234 657
2331 234 656
2332 233 679
2333 232 750
2334 232 744
2335 233 726
2336 233 709
2337 233 697
2338 233 692
2339 233 703
2340 233 669
2341 234 631
2342 234 592
2343 235 571
2344 235 567
2345 235 572
2346 234 585
2347 234 603
2348 234 588
2349 233 624
2350 232 765
2351 232 760
2352 232 745
2353 233 635
2354 234 607
2355 234 629
2356 233 741
2357 233 703
2358 234 649
2359 235 564
2360 236 446
2361 239 239
2362 240 122
2363 241 4
2364 242 0
2365 242 0
2366 242 0
2367 242 0
2368 242 0
2369 242 0
2370 242 0
2371 242 0
2372 242 0
2373 242 0
2374 242 0
2375 242 0
2376 242 0
2377 242 0
2378 242 0
2379 242 0
2380 242 0
2381 242 0
2382 242 0
2383 242 0
2384 242 0
2385 242 0
2386 242 0
2387 242 0
2388 242 0
2389 242 0
2390 242 0
2391 242 0
2392 242 0
2393 242 0
2394 242 0
2395 242 0
2396 242 0
2397 242 0
2398 242 0
2399 242 0
